

# ============


# ============


# ============


# ============
[8, 11, 13, 17, 19, 21, 23, 26, 28, 31, 34, 36, 38, 41, 63, 65, 67, 80, 83, 87, 89, 98, 100, 103, 105, 110, 112, 114, 117, 119, 124, 126, 129, 131, 133, 136, 141, 143, 145, 146, 147, 148, 149, 150, 151]


# ============
[2, 3, 4, 5, 6, 9, 10, 14, 15, 16, 20, 25, 27, 29, 30, 32, 35, 37, 46, 47, 48, 49, 50, 51, 52, 64, 68, 69, 70, 71, 72, 73, 74, 75, 76, 77, 81, 82, 84, 85, 86, 88, 91, 92, 93, 94, 95, 96, 99, 101, 102, 106, 107, 108, 109, 111, 113, 118, 121, 122, 127, 128, 130, 134, 137, 138, 139, 142, 144]


# ============
[7, 12, 18, 22, 24, 33, 39, 40, 42, 43, 44, 45, 53, 54, 55, 56, 57, 58, 59, 60, 61, 62, 66, 78, 79, 90, 97, 104, 115, 116, 120, 123, 125, 132, 135, 140]


# ============
Invoice Rows Missing Information: []
Credit Rows Missing Information: []


# ============
Sum of Invoice Amounts: 692431.09


# ============
Sum of Credit Amounts: -270988.08


# ============


# ============


# ============


# ============
